0	0	0	3584	3584	4	0
1	0	0	1792	1792	0	0	
2	1792	0	1792	1792	0	0	
3	0	1792	1792	1792	4	0
31	0	1792	896	896	0	0	
32	896	1792	896	896	0	0	
33	0	2688	896	896	4	0
331	0	2688	448	448	0	0	
332	448	2688	448	448	0	0	
333	0	3136	448	448	4	0
3331	0	3136	224	224	4	0
33311	0	3136	112	112	0	0	
33312	112	3136	112	112	0	0	
33313	0	3248	112	112	0	8	213	214	215	216	217	218	219	287	
33314	112	3248	112	112	0	9	219	220	221	222	223	224	225	226	288	
3332	224	3136	224	224	4	0
33321	224	3136	112	112	0	0	
33322	336	3136	112	112	0	0	
33323	224	3248	112	112	0	9	226	227	228	229	230	231	232	233	288	
33324	336	3248	112	112	0	9	233	234	235	236	237	238	239	240	286	
3333	0	3360	224	224	0	0	
3334	224	3360	224	224	0	0	
334	448	3136	448	448	4	0
3341	448	3136	224	224	4	0
33411	448	3136	112	112	0	0	
33412	560	3136	112	112	0	0	
33413	448	3248	112	112	0	8	240	241	242	243	244	245	246	247	
33414	560	3248	112	112	0	8	247	248	249	250	251	252	253	254	
3342	672	3136	224	224	4	0
33421	672	3136	112	112	0	0	
33422	784	3136	112	112	0	0	
33423	672	3248	112	112	0	13	254	255	256	257	258	259	260	268	278	289	325	334	375	
33424	784	3248	112	112	0	0	
3343	448	3360	224	224	0	0	
3344	672	3360	224	224	4	0
33441	672	3360	112	112	0	1	39	
33442	784	3360	112	112	0	8	39	40	41	42	43	44	45	46	
33443	672	3472	112	112	0	0	
33444	784	3472	112	112	0	0	
34	896	2688	896	896	4	0
341	896	2688	448	448	0	0	
342	1344	2688	448	448	0	0	
343	896	3136	448	448	4	0
3431	896	3136	224	224	0	0	
3432	1120	3136	224	224	0	0	
3433	896	3360	224	224	4	0
34331	896	3360	112	112	0	8	46	47	48	49	50	51	52	53	
34332	1008	3360	112	112	0	8	53	54	55	56	57	58	59	60	
34333	896	3472	112	112	0	0	
34334	1008	3472	112	112	0	0	
3434	1120	3360	224	224	4	0
34341	1120	3360	112	112	0	8	60	61	62	63	64	65	66	67	
34342	1232	3360	112	112	0	8	67	68	69	70	71	72	73	74	
34343	1120	3472	112	112	0	0	
34344	1232	3472	112	112	0	0	
344	1344	3136	448	448	4	0
3441	1344	3136	224	224	4	0
34411	1344	3136	112	112	0	0	
34412	1456	3136	112	112	0	0	
34413	1344	3248	112	112	0	0	
34414	1456	3248	112	112	0	6	290	291	292	335	336	337	
3442	1568	3136	224	224	4	0
34421	1568	3136	112	112	0	0	
34422	1680	3136	112	112	0	0	
34423	1568	3248	112	112	0	8	337	338	339	340	341	342	343	344	
34424	1680	3248	112	112	0	7	293	294	295	296	297	298	344	
3443	1344	3360	224	224	4	0
34431	1344	3360	112	112	0	8	74	75	76	77	78	79	80	81	
34432	1456	3360	112	112	0	8	81	82	83	84	85	86	87	88	
34433	1344	3472	112	112	0	0	
34434	1456	3472	112	112	0	0	
3444	1568	3360	224	224	4	0
34441	1568	3360	112	112	0	8	88	89	90	91	92	93	94	95	
34442	1680	3360	112	112	0	8	95	96	97	98	99	100	101	102	
34443	1568	3472	112	112	0	0	
34444	1680	3472	112	112	0	0	
4	1792	1792	1792	1792	4	0
41	1792	1792	896	896	0	0	
42	2688	1792	896	896	0	0	
43	1792	2688	896	896	4	0
431	1792	2688	448	448	0	0	
432	2240	2688	448	448	0	0	
433	1792	3136	448	448	4	0
4331	1792	3136	224	224	4	0
43311	1792	3136	112	112	0	0	
43312	1904	3136	112	112	0	0	
43313	1792	3248	112	112	0	1	298	
43314	1904	3248	112	112	0	0	
4332	2016	3136	224	224	4	0
43321	2016	3136	112	112	0	0	
43322	2128	3136	112	112	0	0	
43323	2016	3248	112	112	0	0	
43324	2128	3248	112	112	0	5	345	346	347	348	349	
4333	1792	3360	224	224	4	0
43331	1792	3360	112	112	0	8	102	103	104	105	106	107	108	109	
43332	1904	3360	112	112	0	8	109	110	111	112	113	114	115	116	
43333	1792	3472	112	112	0	0	
43334	1904	3472	112	112	0	0	
4334	2016	3360	224	224	4	0
43341	2016	3360	112	112	0	8	116	117	118	119	120	121	122	123	
43342	2128	3360	112	112	0	8	123	124	125	126	127	128	129	130	
43343	2016	3472	112	112	0	0	
43344	2128	3472	112	112	0	0	
434	2240	3136	448	448	4	0
4341	2240	3136	224	224	4	0
43411	2240	3136	112	112	0	2	378	381	
43412	2352	3136	112	112	0	0	
43413	2240	3248	112	112	0	13	261	269	279	299	326	349	350	351	352	353	354	355	356	
43414	2352	3248	112	112	0	8	300	301	356	357	358	359	360	361	
4342	2464	3136	224	224	4	0
43421	2464	3136	112	112	0	0	
43422	2576	3136	112	112	0	0	
43423	2464	3248	112	112	0	7	262	270	280	301	302	303	327	
43424	2576	3248	112	112	0	24	262	263	264	265	270	271	272	273	280	281	282	283	303	304	305	306	307	308	327	328	329	330	331	332	
4343	2240	3360	224	224	4	0
43431	2240	3360	112	112	0	8	130	131	132	133	134	135	136	137	
43432	2352	3360	112	112	0	9	33	34	137	138	139	140	141	142	143	
43433	2240	3472	112	112	0	3	5	6	7	
43434	2352	3472	112	112	0	8	7	8	9	10	11	12	13	14	
4344	2464	3360	224	224	4	0
43441	2464	3360	112	112	0	8	143	144	145	146	147	148	149	150	
43442	2576	3360	112	112	0	7	150	151	152	153	154	155	156	
43443	2464	3472	112	112	0	6	14	15	16	17	18	19	
43444	2576	3472	112	112	0	6	19	20	21	22	23	24	
44	2688	2688	896	896	4	0
441	2688	2688	448	448	0	0	
442	3136	2688	448	448	0	0	
443	2688	3136	448	448	4	0
4431	2688	3136	224	224	4	0
44311	2688	3136	112	112	0	1	382	
44312	2800	3136	112	112	0	3	379	382	383	
44313	2688	3248	112	112	0	7	308	309	362	363	364	365	366	
44314	2800	3248	112	112	0	13	266	274	284	310	333	366	367	368	369	370	371	372	373	
4432	2912	3136	224	224	4	0
44321	2912	3136	112	112	0	0	
44322	3024	3136	112	112	0	0	
44323	2912	3248	112	112	0	7	311	312	313	314	315	373	374	
44324	3024	3248	112	112	0	7	315	316	317	318	319	320	321	
4433	2688	3360	224	224	4	0
44331	2688	3360	112	112	0	7	157	158	159	160	161	162	163	
44332	2800	3360	112	112	0	13	32	35	36	37	38	163	164	165	166	167	168	169	170	
44333	2688	3472	112	112	0	10	0	1	2	24	25	26	27	28	29	30	
44334	2800	3472	112	112	0	4	2	3	4	31	
4434	2912	3360	224	224	4	0
44341	2912	3360	112	112	0	8	170	171	172	173	174	175	176	177	
44342	3024	3360	112	112	0	8	177	178	179	180	181	182	183	184	
44343	2912	3472	112	112	0	0	
44344	3024	3472	112	112	0	0	
444	3136	3136	448	448	4	0
4441	3136	3136	224	224	0	0	
4442	3360	3136	224	224	4	0
44421	3360	3136	112	112	0	0	
44422	3472	3136	112	112	0	3	377	380	384	
44423	3360	3248	112	112	0	0	
44424	3472	3248	112	112	0	9	267	275	276	277	285	322	323	324	376	
4443	3136	3360	224	224	4	0
44431	3136	3360	112	112	0	8	184	185	186	187	188	189	190	191	
44432	3248	3360	112	112	0	8	191	192	193	194	195	196	197	198	
44433	3136	3472	112	112	0	0	
44434	3248	3472	112	112	0	0	
4444	3360	3360	224	224	4	0
44441	3360	3360	112	112	0	8	198	199	200	201	202	203	204	205	
44442	3472	3360	112	112	0	8	205	206	207	208	209	210	211	212	
44443	3360	3472	112	112	0	0	
44444	3472	3472	112	112	0	0	
